R_ATPPRT = 0.0, R_ALATA_L = 0.0, Simulation_3,0.07726215051040627
R_NMNAT = 0.0, R_ALATA_L = 0.0, R_aratry2 = 0.0, Simulation_2,2.895937141981408
R_ALATA_L = 0.0, Simulation_1,NaN
- ,Simulation_0,0.0
R_HCYSMT = 0.0, R_ICHORS = 0.0, R_GLYt2 = 0.0, Simulation_6,4.288620048892016E-6
R_GPDDA4 = 0.0, R_ICHORS = 0.0, Simulation_5,0.006672242216961957
R_EX_pyr_LPAREN_e_RPAREN_ = 0.0, Simulation_4,NaN
